0.010621;
-0.002547;
0.004635;
-0.001350;
-0.004942;
0.016606;
-0.022898;
-0.008533;
-0.022898;
-0.003745;
-0.016913;
0.007029;
-0.002547;
0.004635;
-0.009730;
0.017803;
-0.026489;
0.005832;
-0.008533;
-0.002547;
0.013015;
0.021395;
-0.009730;
-0.006139;
-0.022898;
0.007029;
0.003438;
0.009424;
-0.002547;
0.011818;
-0.001350;
0.010621;
0.004635;
0.004635;
0.007029;
-0.031278;
-0.007336;
0.015409;
-0.004942;
0.008226;
-0.001350;
0.010621;
-0.012124;
0.023789;
-0.000153;
0.011818;
-0.013321;
-0.026489;
-0.008533;
-0.003745;
0.029774;
-0.019307;
0.019000;
-0.001350;
0.014212;
-0.014518;
-0.006139;
-0.001350;
0.015409;
-0.006139;
-0.013321;
-0.003745;
-0.003745;
0.003438;
0.024986;
-0.014518;
0.015409;
0.004635;
-0.031278;
0.014212;
0.021395;
-0.015716;
-0.001350;
-0.000153;
-0.020504;
-0.006139;
0.013015;
0.002241;
-0.004942;
0.008226;
-0.002547;
-0.002547;
-0.001350;
-0.001350;
-0.008533;
0.004635;
0.028577;
0.020197;
-0.009730;
0.034563;
-0.021701;
0.014212;
-0.003745;
0.021395;
0.010621;
-0.016913;
0.004635;
-0.004942;
-0.013321;
0.015409;
0.005832;
-0.002547;
0.029774;
0.015409;
-0.006139;
-0.000153;
-0.003745;
-0.003745;
0.002241;
-0.000153;
-0.010927;
0.021395;
-0.015716;
-0.000153;
-0.002547;
-0.002547;
0.005832;
0.014212;
-0.007336;
0.010621;
-0.018110;
-0.007336;
-0.019307;
-0.031278;
0.001044;
0.001044;
-0.006139;
-0.009730;
-0.007336;
0.004635;
-0.002547;
0.011818;
0.011818;
-0.006139;
-0.018110;
0.024986;
-0.032475;
-0.045643;
-0.022898;
0.024986;
-0.004942;
-0.020504;
0.010621;
-0.006139;
0.007029;
-0.019307;
0.013015;
0.011818;
-0.032475;
-0.010927;
0.011818;
-0.020504;
-0.038460;
-0.019307;
0.003438;
0.003438;
0.002241;
-0.009730;
-0.013321;
-0.018110;
0.016606;
-0.045643;
0.004635;
-0.024095;
0.002241;
-0.001350;
0.007029;
-0.000153;
-0.021701;
-0.009730;
-0.014518;
-0.012124;
-0.022898;
-0.001350;
-0.010927;
0.008226;
-0.008533;
-0.002547;
-0.010927;
-0.012124;
-0.007336;
-0.022898;
0.021395;
0.005832;
0.002241;
-0.028884;
-0.012124;
-0.028884;
-0.001350;
-0.002547;
0.007029;
-0.015716;
-0.008533;
0.004635;
-0.022898;
0.014212;
0.009424;
0.007029;
-0.001350;
0.009424;
-0.012124;
0.004635;
-0.018110;
-0.028884;
-0.001350;
0.010621;
-0.008533;
-0.004942;
0.024986;
-0.003745;
0.016606;
-0.027687;
0.007029;
-0.018110;
-0.009730;
-0.016913;
0.017803;
-0.002547;
0.007029;
0.011818;
-0.020504;
0.007029;
-0.004942;
-0.018110;
0.009424;
-0.002547;
0.005832;
-0.001350;
0.005832;
-0.014518;
0.003438;
0.016606;
0.003438;
-0.000153;
-0.009730;
0.003438;
0.022592;
-0.007336;
-0.019307;
0.002241;
0.008226;
0.017803;
-0.003745;
-0.008533;
-0.013321;
-0.000153;
-0.016913;
-0.007336;
-0.015716;
-0.030081;
-0.013321;
0.020197;
-0.013321;
-0.019307;
-0.010927;
-0.021701;
-0.033672;
0.001044;
-0.015716;
-0.007336;
0.010621;
0.013015;
-0.000153;
0.007029;
-0.030081;
-0.012124;
-0.014518;
-0.010927;
0.005832;
0.041745;
0.024986;
0.014212;
-0.033672;
-0.014518;
-0.001350;
-0.014518;
-0.027687;
-0.003745;
0.013015;
0.022592;
0.020197;
-0.006139;
0.022592;
-0.007336;
0.003438;
0.020197;
-0.007336;
0.009424;
0.035760;
-0.037263;
-0.002547;
0.005832;
0.014212;
-0.022898;
-0.004942;
-0.008533;
-0.020504;
-0.024095;
0.022592;
-0.000153;
